0.330676562064 0.080103708535 0.228688784630 0.320162704433 0.323712717108 0.063837851992 0.236355730940 0.115930823379 0.132133815497 0.010584580036 0.002496179897 0.202737427931 0.001047873299 0.006480132842 0.104201348935 
0.330676562064 0.262342388105 0.243454846021 0.299335924933 0.286023090521 0.289142117775 0.057890436262 0.173114665889 0.044509237676 0.314914917318 0.001620590001 0.085765094215 0.043743549049 0.001646949042 0.000655492045 
0.330676562064 0.321407514480 0.219293798982 0.330097213722 0.361416106793 0.586491471081 0.200336137282 0.088868126785 0.310834936856 0.225566207374 0.031215074848 0.092145344633 0.000482521189 0.019656275933 0.004752783824 
0.330676562064 0.327347966280 0.169474423591 0.329913750000 0.299838196405 0.316837156670 0.263778451438 0.177563296684 0.027548298756 0.001718044805 0.033287924252 0.000252558241 0.001937564957 0.000824743141 0.001750521222 
0.330676562064 0.330023216053 0.429206621065 0.303736372697 0.320419244791 0.051164948139 0.325389867051 0.043839396226 0.282537016014 0.187909997586 0.267747423020 0.046898120544 0.063886420253 0.000437566331 0.000876711458 
0.330676562064 0.308223314507 0.297899238440 0.412720320971 0.297768041035 0.531175406947 0.390993142528 0.316300579670 0.256218565580 0.033635184396 0.316127404853 0.001392512215 0.000779529333 0.001109606098 0.002052020994 
0.330676562064 0.331478990832 0.294100519386 0.245149653873 0.324343004172 0.351722542837 0.362990552079 0.001444737958 0.613059155708 0.304212669997 0.320760589453 0.002953485035 0.021264438703 0.000510690061 0.001824774788 
0.330676562064 0.360275030964 0.365220571611 0.249131018495 0.335172252961 0.304985115075 0.175838823679 0.017519594271 0.005107455746 0.034929305893 0.001378024022 0.000759492852 0.001143823280 0.003962231845 0.015643719140 
0.330676562064 0.319702121221 0.412305609230 0.200387322318 0.319870502458 0.299826982953 0.349614380856 0.320056411676 0.153660147014 0.185670437084 0.014663881264 0.235236583783 0.012719624188 0.000883852602 0.000336433583 
0.330676562064 0.374835861077 0.322389186370 0.293033125468 0.301622701659 0.283658331955 0.390968674374 0.073800376260 0.326785001282 0.010265777899 0.315903420555 0.304325902332 0.044214475885 0.000648763239 0.001731992070 
0.330676562064 0.219072589333 0.320987145125 0.381412190676 0.260926331890 0.340468438924 0.289616385794 0.494762445405 0.018057047778 0.310399834550 0.129008166519 0.001580330807 0.004013436330 0.212343272540 0.000058957037 
0.330676562064 0.303793936240 0.281034878398 0.352832399552 0.453681840050 0.281932446993 0.279023680741 0.321032708309 0.111083625622 0.366897789648 0.142174600186 0.318440021015 0.029002670232 0.003047579838 0.180704783285 
0.330676562064 0.287761651871 0.318048743345 0.317447841130 0.309835747879 0.291386759784 0.091186795608 0.319255332063 0.018805799959 0.186786395414 0.235491257379 0.138333361830 0.002559599062 0.015612905219 0.000347278214 
0.330676562064 0.348603049288 0.392526797947 0.313786061622 0.323431918083 0.281724794698 0.303691566282 0.364677730135 0.351300160297 0.398913922364 0.001651047916 0.244995138230 0.000995383374 0.000125077842 0.002282810049 
0.330676562064 0.209225079463 0.400067709643 0.283348642576 0.014701514637 0.317116306881 0.069770676162 0.611692350178 0.012842685599 0.012086027463 0.229039199055 0.001052647640 0.027480127430 0.312018523586 0.002835964211 
0.330676562064 0.321531764868 0.523071207449 0.224732258638 0.311690286266 0.315869378772 0.032744663182 0.299111769194 0.092556903588 0.064297500318 0.013059904650 0.000606962391 0.015794680511 0.000718018221 0.000137193365 
0.330676562064 0.321917907107 0.306472608215 0.314612889972 0.357679858426 0.293366734046 0.314392223573 0.090812877705 0.309998232945 0.336623208589 0.041608575435 0.207029902650 0.000169109070 0.000496417568 0.000131512240 
0.330676562064 0.299872367554 0.186295105558 0.302386187739 0.466634669317 0.060226757539 0.056421850679 0.092417544695 0.006715804810 0.005071088250 0.183108477982 0.205552963570 0.000823106733 0.016469171054 0.000305765244 
0.330676562064 0.341873940104 0.310322258655 0.320513476618 0.321861969100 0.294949295633 0.316278718034 0.303245139904 0.215322963400 0.138339592272 0.144726127133 0.325067211384 0.001539776851 0.186907423849 0.001029647697 
0.330676562064 0.317397705579 0.337260540313 0.265748346382 0.287823892949 0.308208205070 0.299821538581 0.058227856684 0.016118207766 0.076155141164 0.005925467132 0.000991537005 0.001208710278 0.253145879955 0.000266922455 
0.330676562064 0.277334658550 0.259535023805 0.196736392505 0.289809743168 0.305832521267 0.373750954392 0.341823529896 0.000655492244 0.193356333249 0.426028013211 0.001134236174 0.037071289433 0.001044681796 0.001455230804 
0.330676562064 0.320749852676 0.335781053077 0.146296414811 0.043510438412 0.416818013349 0.182694275583 0.206686371975 0.007474583670 0.143686731304 0.008471742930 0.002070114332 0.034551303664 0.000570484952 0.000597640001 
0.330676562064 0.544321910058 0.298620416807 0.285355129425 0.338188418710 0.174074257921 0.307922246283 0.337112496026 0.004897530600 0.171454707410 0.107067884252 0.110414253264 0.000541352059 0.247253326833 0.000338518849 
0.330676562064 0.122514466314 0.489624945877 0.296765812200 0.297670410887 0.321218447217 0.310622607299 0.335672589653 0.048061576218 0.170824094835 0.029145537406 0.000746082244 0.008437917903 0.013760388247 0.000130613936 
0.330676562064 0.198476301686 0.496438290991 0.345619171887 0.147937835011 0.475495241959 0.162859956710 0.181165095029 0.285060389984 0.003505001857 0.281292349278 0.215066654077 0.002027816500 0.000515457767 0.000043525497 
0.330676562064 0.304379029750 0.321072733535 0.169800356707 0.254024318110 0.248990577148 0.253140402877 0.322518539044 0.097833042791 0.003283199554 0.025029610826 0.009439836566 0.000904340543 0.001378876569 0.013880072585 
0.330676562064 0.318519243657 0.302459330261 0.321406475602 0.300673491203 0.180949118327 0.313321666317 0.373938949755 0.119404853677 0.061853776921 0.016518628758 0.004951811435 0.000035748452 0.213652907756 0.024081051933 
0.330676562064 0.217922124277 0.174717115097 0.319930115343 0.088434730868 0.239508224012 0.289898099634 0.320456678620 0.318892915608 0.307371236207 0.298078116646 0.000620472773 0.048083906600 0.001640601531 0.000381063450 
0.330676562064 0.473618730001 0.385064424214 0.382132587395 0.278300217491 0.436695807752 0.330084106945 0.008052921761 0.015455396609 0.117668238382 0.037240125256 0.003114913620 0.007461177613 0.000128065524 0.001103755141 
0.330676562064 0.318299673857 0.303129122060 0.316894541510 0.211922351402 0.318636144750 0.007248439352 0.264741068680 0.324186483091 0.267471291656 0.216332740188 0.070672260816 0.069193341857 0.000618123932 0.000452391734 
0.330676562064 0.359206032509 0.237331426433 0.326051384859 0.284489407378 0.219270621738 0.349345538526 0.073209113751 0.040310286025 0.082516814988 0.173556152614 0.170763221324 0.005047121425 0.000700997692 0.002279841990 
