0.304781210559 0.288293555892 0.456754746269 0.319089033600 0.318276526614 0.265874682652 0.352740602900 0.432425177451 0.168103224859 0.124974297130 0.154647776561 0.105583903947 0.515969363149 0.459369123338 0.372874073667 
0.304781210559 0.321662548053 0.298779017595 0.308689269297 0.220070846151 0.317866333855 0.321541163572 0.177861137179 0.087385935824 0.308370825177 0.209619964039 0.185247027857 0.179495585101 0.143184931440 0.032400103809 
0.304781210559 0.315813430344 0.124583436985 0.402429056752 0.327143219892 0.319834922439 0.257685354511 0.300005657722 0.314550592154 0.273343013353 0.087479422869 0.416116002969 0.365359294734 0.272487788386 0.296258780602 
0.304781210559 0.258280279074 0.211905389330 0.278049203079 0.245536984706 0.305346034494 0.357036378497 0.310421586229 0.145998517728 0.400061747160 0.342934384224 0.440450317770 0.151047836449 0.529178445847 0.053992869627 
0.304781210559 0.328480556845 0.300524624141 0.171014315914 0.321709864603 0.275924541202 0.162350605271 0.030785818532 0.315902377754 0.344049186428 0.299635057959 0.377056162643 0.163522811123 0.271650287180 0.205796453602 
0.304781210559 0.341243386391 0.315296630461 0.321780011781 0.345178321443 0.330449257835 0.304251117008 0.336519301469 0.342945124224 0.331009019046 0.262916666725 0.526719399915 0.064796405758 0.134099407820 0.404732270063 
0.304781210559 0.384418567583 0.324130357334 0.300954350811 0.299561597981 0.333777225754 0.324831550012 0.413205139540 0.318202319017 0.324349387275 0.320341696876 0.252230478780 0.132959106551 0.185780934849 0.541122005903 
0.304781210559 0.347929178372 0.303726775754 0.364271742779 0.403046314559 0.303337410982 0.319544768136 0.158629529806 0.438376828901 0.039992648524 0.092360848378 0.242678540590 0.100259071218 0.334477488984 0.233642084695 
0.304781210559 0.317091661172 0.317049783414 0.119390451041 0.322460191059 0.336924587720 0.317146714722 0.346417238460 0.416203191748 0.350557329012 0.378694025597 0.145974489759 0.226695276672 0.454799399937 0.424314448859 
0.304781210559 0.309995866642 0.320261737980 0.281853039334 0.092538958259 0.229232896912 0.320332049847 0.212020226673 0.223152315038 0.103784404932 0.320031960387 0.324176323177 0.137188295610 0.563363665185 0.361137157447 
0.304781210559 0.335603913292 0.322044663226 0.119147093428 0.328795080904 0.268698515177 0.308510333619 0.305446259632 0.287977301886 0.245076405089 0.319633054443 0.350822945869 0.257665558685 0.238671810775 0.322593592388 
0.304781210559 0.244232373529 0.310227507712 0.137341706924 0.315254606564 0.293731010445 0.147075921311 0.320496686485 0.324238425824 0.383330287020 0.338512425371 0.322010936021 0.278789802552 0.256542370858 0.309545479293 
0.304781210559 0.171380910809 0.320727189664 0.295649918195 0.340543649449 0.320661122082 0.109124798559 0.344598388598 0.326902446881 0.320673330799 0.320612422903 0.222951465021 0.089246293296 0.224338334679 0.328552597501 
0.304781210559 0.277229214129 0.265851385967 0.346793560600 0.334007822034 0.317949842508 0.447868125287 0.354400064052 0.377116026370 0.158892079199 0.187264508668 0.216886100229 0.158806735275 0.379961898586 0.395157628985 
0.304781210559 0.333406886463 0.365067992286 0.304404439804 0.192870657324 0.348201859844 0.438217178465 0.311024682921 0.228401538044 0.097343194227 0.359586762917 0.231680404235 0.321978384896 0.319792995005 0.310113552659 
0.304781210559 0.367225883241 0.100325467767 0.193954854667 0.295755370565 0.320001288449 0.286254614234 0.335297339848 0.459227765067 0.324281385641 0.322430934513 0.281356738846 0.078163915120 0.245529982763 0.335198141547 
0.304781210559 0.319168436924 0.267094608947 0.385122027424 0.247975022138 0.341678129369 0.322535140082 0.148050394317 0.321032696509 0.328515501700 0.309728476670 0.342627471926 0.336524034038 0.599317271160 0.263265629547 
0.304781210559 0.330217257166 0.408161853531 0.498520018132 0.365513321108 0.318536864512 0.302540227968 0.342737643561 0.113130793217 0.346784119100 0.276933390097 0.434816113828 0.090873969633 0.342487996256 0.286127299171 
0.304781210559 0.299542902432 0.326884816650 0.325398455383 0.343769710006 0.325464182126 0.299807710963 0.457625564292 0.227046874234 0.111472398337 0.283438408856 0.334343093684 0.352488789625 0.387576176081 0.261647942629 
0.304781210559 0.321367838233 0.322033319061 0.311205038823 0.258572264691 0.335084217178 0.409447151136 0.235564473230 0.532723266846 0.252020034604 0.298251810193 0.274763794982 0.320174508318 0.101732028557 0.139976338366 
0.304781210559 0.292776663609 0.331813451822 0.130413037096 0.265520976284 0.282090502395 0.308281050418 0.321672025020 0.196149158579 0.402917516121 0.286165004527 0.245096937412 0.234989885975 0.326228884208 0.353519833993 
0.304781210559 0.451715072793 0.368789074279 0.201424096486 0.297530683087 0.318855878052 0.355938567085 0.266592642255 0.063983398478 0.365322593647 0.211434043247 0.239247163412 0.559497731533 0.110592276368 0.500568849783 
0.304781210559 0.323683570165 0.303594196120 0.266917580971 0.284002420859 0.087352885007 0.324589677259 0.320489552224 0.310028870930 0.238761904391 0.331822894362 0.321994725769 0.381931842640 0.273471371084 0.416834224598 
0.304781210559 0.222846559172 0.300807536375 0.297814969669 0.320116365712 0.320675080445 0.319518146488 0.306670831874 0.064453836809 0.337132547358 0.318110783334 0.200186654299 0.279807305916 0.052091579164 0.065622595584 
0.304781210559 0.057366766376 0.322987387321 0.314716639540 0.155830309567 0.310599927056 0.287585751471 0.264584517205 0.095987009366 0.321554477008 0.444887623767 0.320038772391 0.130712175839 0.563320298897 0.335729051027 
0.304781210559 0.369453181345 0.334986600484 0.220547038674 0.322389979390 0.227332304341 0.271180521767 0.335991898461 0.318921696503 0.339388288211 0.262470141682 0.167746853003 0.174824957251 0.104049958959 0.185338809664 
0.304781210559 0.330336738800 0.318489254053 0.321192726153 0.182897578222 0.288437146338 0.405956888484 0.331383033019 0.227809248424 0.120639937672 0.250882148367 0.201148205567 0.338399685447 0.129199392304 0.376128610988 
0.304781210559 0.363189042634 0.349788761119 0.307860420557 0.252232773064 0.312668485201 0.279305029871 0.319330961825 0.324091883794 0.322018156789 0.329495501794 0.407842529013 0.409068841568 0.053295002094 0.310241980370 
0.304781210559 0.329376642134 0.290715856759 0.391884779973 0.349954851676 0.295403687244 0.351305343638 0.297035421021 0.488815180756 0.218729419680 0.321841339533 0.211056583752 0.410200513005 0.341033786734 0.276500021598 
0.304781210559 0.293811779285 0.307700739818 0.323280041654 0.176192282730 0.310253905828 0.292513253996 0.296472020295 0.320958906828 0.236152212510 0.475889807929 0.342347220428 0.274088302466 0.460826267028 0.245916744965 
0.304781210559 0.333608339038 0.258103004221 0.306251503085 0.140925431699 0.314383331980 0.314084326022 0.240318793873 0.221138755247 0.176343794170 0.188030950506 0.217150856624 0.087983408821 0.254016162598 0.057106162553 
